Position: 0.000546951 0.006758137 -0.001679133
Rotation: 179.545 269.396 -89.61499